{
 "cells": [
  {
   "cell_type": "markdown",
   "id": "5f4e0033-ee59-40df-84ad-5a159deb421a",
   "metadata": {},
   "source": [
    "## Exam III: CSCI4390-6390 (100 points)\n",
    "\n",
    "This is a take-home exam. It is due 11:59:59pm on Thursday, Dec 8 via submitty. You are expected to abide by the honor code, i.e., all work must be your own, and you are not allowed to discuss any aspect of exam with anyone except the TA or the professor. You are also not allowed to use the internet except to lookup numpy/python documentation, the book site, class notes/videos, or to ask clarification questions on campuswire. **You cannot use any other library other than numpy (e.g., no pytorch, sklearn, etc); you can use pandas only for data processing**. You must sign the declaration below that you will abide by the honor code."
   ]
  },
  {
   "cell_type": "markdown",
   "id": "f78163f5-20e5-427d-9d62-977d2ee7a1e6",
   "metadata": {},
   "source": [
    "#### **Honor Code Declaration**: Please sign with your name to acknowledge that you agree to abide by the honor code, and demonstrate the highest level of academic integrity."
   ]
  },
  {
   "cell_type": "markdown",
   "id": "92536081-83a0-4b65-b3e7-557e384915db",
   "metadata": {},
   "source": [
    "Xinshi Wang"
   ]
  },
  {
   "cell_type": "markdown",
   "id": "110c78be-4a74-44c1-818f-8f5bb77fc69c",
   "metadata": {},
   "source": [
    "#### Download Dataset: Download the [Wine Dataset](https://archive.ics.uci.edu/ml/datasets/wine). It has 14 attributes, and 178 points. The first attribute is the class/cluister variable. Store the dataset in your current directory and use \"./wine.data\" as its name. Do not submit the dataset as part of your answer on submitty. Read in the dataset, and use sklearn MinMaxScaler to scale all the attribute values between 0 and 1 (except for the class attribute). Use this transformed dataset for the **all** the questions below. "
   ]
  },
  {
   "cell_type": "code",
   "execution_count": 211,
   "id": "b583c8ea",
   "metadata": {},
   "outputs": [],
   "source": [
    "import pandas as pd\n",
    "import numpy as np\n",
    "from sklearn.preprocessing import MinMaxScaler\n",
    "np.random.seed(42)\n",
    "train = np.array(pd.read_csv('wine.data',header=None))\n",
    "y = np.copy(train[:,0])\n",
    "X = np.delete(train,(0), axis=1)\n",
    "X = X.astype(np.float32)\n",
    "scaler = MinMaxScaler()\n",
    "scaler.fit(X)\n",
    "X = scaler.transform(X)"
   ]
  },
  {
   "cell_type": "markdown",
   "id": "40b4632d-993f-4479-bbd5-2996fab7aa40",
   "metadata": {},
   "source": [
    "#### Q1. K-Means: (Total 15 points)  For this question, we will use the first attribute as the true class for evaluation, and the remaining 13 attributes as the actual attributes for use in K-means clustering. Use the minmax scaled data. Answer the following:\n",
    "\n",
    "##### a) (10 points) Code and run K-Means with $K=3$ using convergence threshold $\\epsilon=0.001$. Report the i) final means, ii) the number of points in each cluster, and iii) the final SSE value. Set random seed as 42, and find the initial clusters using the \"farthest means\" approach, i.e., after the first mean selected at random as one of the data points, the remaining two means should be points that are the farthest from already selected means.\n",
    "\n",
    "##### b) (5 points) What is the silhouette coefficient for point $x_0$, and the silhouette coefficent for the **ground truth** clustering. Use Euclidean distance for the proximity matrix."
   ]
  },
  {
   "cell_type": "code",
   "execution_count": 256,
   "id": "8ece16cb",
   "metadata": {},
   "outputs": [],
   "source": [
    "#Part a\n",
    "def find_farthest_means(data, k):\n",
    "    dist_to_mean1 = []\n",
    "    dist_to_mean2 = []\n",
    "    mean1_idx = np.random.randint(len(data))\n",
    "    mean1 = data[mean1_idx]\n",
    "    dist1 = 0\n",
    "    mean2_idx = 0 \n",
    "    for idx,i in enumerate(data):\n",
    "        if (np.linalg.norm(mean1-i)>dist1):\n",
    "            dist_to_mean1.append(dist1)\n",
    "            dist1 = np.linalg.norm(mean1-i)\n",
    "            mean2_idx = idx\n",
    "    mean2 = data[mean2_idx]\n",
    "    for idx,i in enumerate(data):\n",
    "        dist_to_mean2.append(np.linalg.norm(mean2-i))\n",
    "    dist3 = 0\n",
    "    mean3_idx = 0\n",
    "    for i in range(len(dist_to_mean1)):\n",
    "        if (dist_to_mean1[i]+dist_to_mean2[i])>dist3:\n",
    "            dist3 = dist_to_mean1[i]+dist_to_mean2[i]\n",
    "            mean3_idx = i\n",
    "    mean3 = data[mean3_idx]\n",
    "    return [mean1,mean2,mean3]\n",
    "def kmeans(data, k):\n",
    "    mean_centers = find_farthest_means(data,k)\n",
    "    while (True):\n",
    "        distances = np.array([[np.linalg.norm(data[i] - mean_centers[j]) for j in range(k)] for i in range(data.shape[0])])\n",
    "        clusters = np.argmin(distances, axis=1)\n",
    "        new_mean_centers = np.array([data[clusters == i].mean(axis=0) for i in range(k)])\n",
    "        if np.linalg.norm(mean_centers-new_mean_centers)<=0.001:\n",
    "            return clusters,mean_centers\n",
    "        mean_centers = np.copy(new_mean_centers)\n",
    "def sse(data, mean_centers, clusters):\n",
    "    distances = np.array([np.linalg.norm(data[i] - mean_centers[clusters[i]]) for i in range(data.shape[0])])\n",
    "    return np.sum(distances ** 2)"
   ]
  },
  {
   "cell_type": "code",
   "execution_count": 257,
   "id": "1e8be9ac",
   "metadata": {},
   "outputs": [
    {
     "name": "stdout",
     "output_type": "stream",
     "text": [
      "The final means are:\n",
      "[[0.70771945 0.2418972  0.58636373 0.34424394 0.4115943  0.6432759\n",
      "  0.555872   0.29937106 0.47865403 0.35688287 0.48116538 0.69133085\n",
      "  0.5990134 ]\n",
      " [0.544689   0.47844046 0.560136   0.5383317  0.31146243 0.24476486\n",
      "  0.10713466 0.6185248  0.22827648 0.48264036 0.19254984 0.16090573\n",
      "  0.24739979]\n",
      " [0.31566426 0.24330251 0.47330436 0.4976271  0.2494824  0.45495355\n",
      "  0.38399976 0.4109015  0.39737618 0.14956118 0.47038335 0.58968526\n",
      "  0.15846978]]\n",
      "The cluster distribution is: [60, 55, 63]\n",
      "The SSE value is: 48.97028350830078\n"
     ]
    }
   ],
   "source": [
    "clusters,centers = kmeans(X,3)\n",
    "print(\"The final means are:\")\n",
    "print(centers)\n",
    "print(f\"The cluster distribution is: {[np.sum(clusters == i) for i in range(3)]}\")\n",
    "print(f\"The SSE value is: {sse(X,centers,clusters)}\")"
   ]
  },
  {
   "cell_type": "code",
   "execution_count": 260,
   "id": "29d07341",
   "metadata": {},
   "outputs": [],
   "source": [
    "#Part b\n",
    "def silhouette_coefficient(data, mean_centers, clusters):\n",
    "    distances = np.array([[np.linalg.norm(data[i] - mean_centers[j]) for j in range(mean_centers.shape[0])] for i in range(data.shape[0])])\n",
    "    a = np.array([distances[i][clusters[i]].mean() for i in range(data.shape[0])])\n",
    "    b = np.array([np.min([distances[i][j] for j in range(mean_centers.shape[0]) if j != clusters[i]]) for i in range(data.shape[0])])\n",
    "    silhouette_coefficients = (b - a) / np.maximum(a, b)\n",
    "    return silhouette_coefficients"
   ]
  },
  {
   "cell_type": "code",
   "execution_count": 261,
   "id": "4e148c69",
   "metadata": {},
   "outputs": [
    {
     "name": "stdout",
     "output_type": "stream",
     "text": [
      "The silhouette coefficient for point x0 is 0.5847946405410767\n",
      "The silhouette coefficient for ground truth clustering is 0.4316866993904114\n"
     ]
    }
   ],
   "source": [
    "print(f\"The silhouette coefficient for point x0 is {silhouette_coefficient(X,centers,clusters)[0]}\")\n",
    "print(f\"The silhouette coefficient for ground truth clustering is {silhouette_coefficient(X,centers,clusters).mean()}\")"
   ]
  },
  {
   "cell_type": "markdown",
   "id": "491fb872-6bff-4651-b39d-d0c98d7bb5d0",
   "metadata": {
    "tags": []
   },
   "source": [
    "#### Q2. Kernel K-Means: (Total 15 points) Given the minmax scaled data, assume that the initial clusters are given as:\n",
    "$C_0 = [43, 59, 60, 61, 62, 63, 64, 65, 66, 67, 71, 72, 75, 76, 77, 79, 80, 81, 82, 83, 84, 85, 86, 87, 88, 89, 90, 91, 92, 93, 94, 96, 97, 98, 99, 100, 101, 102, 103, 104, 105, 106, 107, 108, 109, 110, 111, 112, 113, 114, 115, 116, 117, 118, 119,  139, 140, 142, 143, 146, 147, 148, 149, 150, 151, 152, 153, 154, 156, 158, 159, 160, 161, 162, 163, 164, 165, 166, 167, 169, 170, 171, 172, 177]$\n",
    "\n",
    "$C_1 = [2, 3, 5, 6, 7, 10, 11, 12, 13, 14, 15, 16, 17, 18, 26, 27, 30, 31, 33, 49, 50, 51, 52, 53, 55, 57, 58, 120, 121, 122, 123, 124, 125, 126, 127, 128, 129, 130, 131, 132, 133, 134, 135, 137, 138]$\n",
    "\n",
    "$C_2 = [0, 1, 4, 8, 9, 19, 20, 21, 22, 23, 24, 25, 28, 29, 32, 34, 35, 36, 37, 38, 39, 40, 41, 42, 44, 45, 46, 47, 48, 54, 56, 68, 69, 70, 73, 74, 78, 95, 136, 141, 144, 145, 155, 157, 168, 173, 174, 175, 176]$\n",
    "\n",
    "##### a) (CSCI4390: 15 points, CSCI6390: 10 points) Show one round of Kernel K-means using the Gaussian Kernel, with spread = 0.5. Show the i) updated cluster assignments, and ii) the percentage of points that change clusters (after 1 step).\n",
    "\n",
    "##### b) (**CSCI6390 Only: 5 points**) Compute the Kernel SSE value (after 1 step). Also compute the variation of information metric for the clustering (see Eq 17.10) after 1 step. You must implement this on your own using numpy functions (but no direct functions)."
   ]
  },
  {
   "cell_type": "code",
   "execution_count": 236,
   "id": "8228ef68",
   "metadata": {},
   "outputs": [],
   "source": [
    "#Part a\n",
    "def kernel_kmeans(data, k, spread, partition):\n",
    "        sqnorm = list()\n",
    "        for i in range(k):\n",
    "                temp = list()\n",
    "                for a in partition[i]:\n",
    "                        for b in partition[i]:\n",
    "                                temp.append(np.exp(-np.linalg.norm(data[a] - data[b]) ** 2 / (2 * spread ** 2)))\n",
    "                sqnorm.append(1/(len(partition[i])**2)*np.sum(np.array(temp)))\n",
    "        avg_ji = list()\n",
    "        for j in range(data.shape[0]):\n",
    "                new_temp = list()\n",
    "                for i in range(k):\n",
    "                        temp = list()\n",
    "                        for a in partition[i]:\n",
    "                                temp.append(np.exp(-np.linalg.norm(data[a] - data[j]) ** 2 / (2 * spread ** 2)))\n",
    "                        new_temp.append(1/(len(partition[i]))*np.sum(np.array(temp)))\n",
    "                avg_ji.append(new_temp)\n",
    "        dist = list()\n",
    "        for j in range(data.shape[0]):\n",
    "                temp = list()\n",
    "                for i in range(k):\n",
    "                        temp.append(sqnorm[i]-2*avg_ji[j][i])\n",
    "                dist.append(temp)\n",
    "        clusters = np.argmin(np.array(dist), axis=1)\n",
    "        new_partition = [[],[],[]]\n",
    "        for idx,i in enumerate(clusters):\n",
    "                new_partition[i].append(idx)\n",
    "        return new_partition,clusters\n",
    "        "
   ]
  },
  {
   "cell_type": "code",
   "execution_count": 241,
   "id": "9ea21d24",
   "metadata": {},
   "outputs": [
    {
     "name": "stdout",
     "output_type": "stream",
     "text": [
      "The new cluster assignment is: \n",
      "[[59, 60, 61, 62, 63, 64, 65, 67, 68, 70, 72, 75, 76, 77, 79, 80, 81, 82, 83, 84, 85, 86, 87, 88, 89, 90, 91, 92, 93, 94, 96, 97, 99, 100, 101, 102, 103, 104, 105, 106, 107, 108, 109, 110, 111, 112, 113, 114, 115, 116, 117, 118, 119, 120, 122, 123, 125, 126, 127, 128, 129, 130, 131, 132, 133, 134, 135, 136, 137, 138, 139, 140, 141, 142, 143, 144, 145, 146, 147, 148, 149, 150, 151, 152, 153, 154, 155, 156, 157, 158, 159, 160, 161, 162, 163, 164, 165, 166, 167, 168, 169, 170, 171, 172, 173, 174, 175, 176, 177], [2, 3, 5, 6, 10, 11, 12, 13, 14, 15, 16, 17, 18, 26, 30, 31, 33, 48, 49, 50, 51, 52, 53, 55, 57, 58, 121, 124], [0, 1, 4, 7, 8, 9, 19, 20, 21, 22, 23, 24, 25, 27, 28, 29, 32, 34, 35, 36, 37, 38, 39, 40, 41, 42, 43, 44, 45, 46, 47, 54, 56, 66, 69, 71, 73, 74, 78, 95, 98]]\n",
      "The new cluster size is [109, 28, 41]\n",
      "The percentage of points that chaged is 0.20224719101123595\n"
     ]
    }
   ],
   "source": [
    "partition = [[43, 59, 60, 61, 62, 63, 64, 65, 66, 67, 71, 72, 75, 76, 77, 79, 80, 81, 82, 83, 84, 85, 86, 87, 88, 89, 90, 91, 92, 93, 94, 96, 97, 98, 99, 100, 101, 102, 103, 104, 105, 106, 107, 108, 109, 110, 111, 112, 113, 114, 115, 116, 117, 118, 119,  139, 140, 142, 143, 146, 147, 148, 149, 150, 151, 152, 153, 154, 156, 158, 159, 160, 161, 162, 163, 164, 165, 166, 167, 169, 170, 171, 172, 177],[2, 3, 5, 6, 7, 10, 11, 12, 13, 14, 15, 16, 17, 18, 26, 27, 30, 31, 33, 49, 50, 51, 52, 53, 55, 57, 58, 120, 121, 122, 123, 124, 125, 126, 127, 128, 129, 130, 131, 132, 133, 134, 135, 137, 138],[0, 1, 4, 8, 9, 19, 20, 21, 22, 23, 24, 25, 28, 29, 32, 34, 35, 36, 37, 38, 39, 40, 41, 42, 44, 45, 46, 47, 48, 54, 56, 68, 69, 70, 73, 74, 78, 95, 136, 141, 144, 145, 155, 157, 168, 173, 174, 175, 176]]\n",
    "new_partition,new_clusters = kernel_kmeans(X,3,0.5,partition)\n",
    "old_cluster = np.zeros(178)\n",
    "for c in range(3):\n",
    "    for i in partition[c]:\n",
    "        old_cluster[i] = c\n",
    "changed_percent = np.sum(old_cluster != new_clusters)/len(new_clusters)\n",
    "print(\"The new cluster assignment is: \")\n",
    "print(new_partition)\n",
    "print(f\"The new cluster size is {[len(new_partition[i]) for i in range(3)]}\")\n",
    "print(f\"The percentage of points that chaged is {changed_percent}\")"
   ]
  },
  {
   "cell_type": "markdown",
   "id": "91c6c49b-90da-4b3e-b597-b1443f2f638e",
   "metadata": {},
   "source": []
  },
  {
   "cell_type": "markdown",
   "id": "694faece-3214-408a-bbd5-3f8ab535d352",
   "metadata": {},
   "source": [
    "#### Q3. EM Clustering: (Total 15 points) Assume an initial partitioning of the points as given in Q2 above. Use the minmax scaled data. Answer the following questions:\n",
    "\n",
    "##### a) (CSCI4390: 15 points, CSCI6390: 10 points) Code and run the EM algorithm using convergence threshold $\\epsilon=0.01$. Print the final cluster information as follows: i) cluster mean, ii) cluster covariance, iii) cluster prior.\n",
    "\n",
    "##### b) (**CSCI6390 Only**: 5 points) Compute the exact ratio-cut score for your clustering, using Euclidean distance for the proximity between points."
   ]
  },
  {
   "cell_type": "code",
   "execution_count": 218,
   "id": "22846261",
   "metadata": {},
   "outputs": [
    {
     "name": "stdout",
     "output_type": "stream",
     "text": [
      "mean is:\n",
      "[[0.4382769  0.341216   0.5038579  0.5152291  0.26107445 0.34010944\n",
      "  0.23191956 0.5155815  0.29649916 0.31441218 0.35130373 0.36375743\n",
      "  0.18926132]\n",
      " [0.6276622  0.26609623 0.58589315 0.39361352 0.35895786 0.6262644\n",
      "  0.5452671  0.34021446 0.47925696 0.33245012 0.44581696 0.66196454\n",
      "  0.5203416 ]\n",
      " [0.5585762  0.337752   0.55307716 0.40069658 0.47287157 0.4643096\n",
      "  0.37019882 0.377014   0.40194502 0.3280503  0.38812888 0.56222373\n",
      "  0.43422014]]\n",
      "covariance is:\n",
      "[array([[ 0.03501517,  0.01891209,  0.00749091,  0.00553515,  0.00297879,\n",
      "        -0.0097859 , -0.01370506,  0.00670756, -0.0058646 ,  0.02960782,\n",
      "        -0.02172297, -0.02302622,  0.00502714],\n",
      "       [ 0.01891209,  0.05299971,  0.01067625,  0.00745054,  0.00574581,\n",
      "        -0.01441258, -0.01723717,  0.01561466, -0.00496042,  0.0209742 ,\n",
      "        -0.02690999, -0.02479823,  0.00513521],\n",
      "       [ 0.00749091,  0.01067625,  0.02246496,  0.01587651,  0.00686479,\n",
      "        -0.00461789, -0.00650563,  0.01015062, -0.00209201,  0.01290316,\n",
      "        -0.00811034, -0.01082216,  0.00269073],\n",
      "       [ 0.00553515,  0.00745054,  0.01587651,  0.02054819,  0.00260119,\n",
      "        -0.00186315, -0.0018897 ,  0.00487461,  0.00317579,  0.007386  ,\n",
      "        -0.00638057, -0.00187856,  0.00139875],\n",
      "       [ 0.00297879,  0.00574581,  0.00686479,  0.00260119,  0.01477656,\n",
      "        -0.00383744, -0.00430171, -0.006384  , -0.00208412,  0.00793518,\n",
      "        -0.00685686, -0.0123523 ,  0.00249612],\n",
      "       [-0.0097859 , -0.01441258, -0.00461789, -0.00186315, -0.00383744,\n",
      "         0.03400657,  0.02101672, -0.0139299 ,  0.01753261, -0.01091777,\n",
      "         0.01679394,  0.02400494, -0.00294075],\n",
      "       [-0.01370506, -0.01723717, -0.00650563, -0.0018897 , -0.00430171,\n",
      "         0.02101672,  0.02419262, -0.01666173,  0.01490755, -0.01858384,\n",
      "         0.02106864,  0.02660984, -0.00632122],\n",
      "       [ 0.00670756,  0.01561466,  0.01015062,  0.00487461, -0.006384  ,\n",
      "        -0.0139299 , -0.01666173,  0.06025696, -0.00478476,  0.01253033,\n",
      "        -0.00943634, -0.01610601,  0.00316188],\n",
      "       [-0.0058646 , -0.00496042, -0.00209201,  0.00317579, -0.00208412,\n",
      "         0.01753261,  0.01490755, -0.00478476,  0.02636866, -0.00283915,\n",
      "         0.00642825,  0.01550593, -0.00213113],\n",
      "       [ 0.02960782,  0.0209742 ,  0.01290316,  0.007386  ,  0.00793518,\n",
      "        -0.01091777, -0.01858384,  0.01253033, -0.00283915,  0.05484564,\n",
      "        -0.03509932, -0.03787477,  0.00833874],\n",
      "       [-0.02172297, -0.02690999, -0.00811034, -0.00638057, -0.00685686,\n",
      "         0.01679394,  0.02106864, -0.00943634,  0.00642825, -0.03509932,\n",
      "         0.04491223,  0.0340831 , -0.00703195],\n",
      "       [-0.02302622, -0.02479823, -0.01082216, -0.00187856, -0.0123523 ,\n",
      "         0.02400494,  0.02660984, -0.01610601,  0.01550593, -0.03787477,\n",
      "         0.0340831 ,  0.05590174, -0.00741874],\n",
      "       [ 0.00502714,  0.00513521,  0.00269073,  0.00139875,  0.00249612,\n",
      "        -0.00294075, -0.00632122,  0.00316188, -0.00213113,  0.00833874,\n",
      "        -0.00703195, -0.00741874,  0.00812884]], dtype=float32), array([[ 4.54149134e-02, -5.19551197e-03, -5.44987386e-03,\n",
      "        -2.06651520e-02,  8.40903167e-03,  1.00424215e-02,\n",
      "         4.67859674e-03, -4.34038276e-03,  1.79769495e-03,\n",
      "         1.82077382e-02,  1.24369469e-02, -3.76295787e-03,\n",
      "         4.01385389e-02],\n",
      "       [-5.19551197e-03,  3.30501199e-02, -1.75704714e-03,\n",
      "         8.54730699e-03, -3.87383276e-03, -2.37840856e-03,\n",
      "        -2.49779550e-03, -1.25524576e-03,  3.03725479e-04,\n",
      "        -8.37376155e-03, -9.01536550e-03,  6.96070958e-03,\n",
      "        -1.54489428e-02],\n",
      "       [-5.44987386e-03, -1.75704714e-03,  1.66178271e-02,\n",
      "         1.05689084e-02,  8.11600685e-03,  6.42774743e-04,\n",
      "         2.61766184e-03,  8.04392155e-03, -1.25536439e-03,\n",
      "        -8.74063262e-05,  3.31770978e-03,  2.24583477e-04,\n",
      "        -6.77542412e-05],\n",
      "       [-2.06651520e-02,  8.54730699e-03,  1.05689084e-02,\n",
      "         2.56019812e-02,  1.92687055e-03, -5.72177256e-03,\n",
      "        -1.23771117e-03,  8.39792192e-03, -4.80088824e-03,\n",
      "        -1.01097720e-02, -6.16899598e-03,  2.43434985e-03,\n",
      "        -2.22949702e-02],\n",
      "       [ 8.40903167e-03, -3.87383276e-03,  8.11600685e-03,\n",
      "         1.92687055e-03,  1.38859339e-02,  6.23450754e-03,\n",
      "         3.09445057e-03,  6.01511262e-03, -3.43914144e-03,\n",
      "         6.91749901e-03,  3.61608947e-03, -6.08266448e-04,\n",
      "         1.03037516e-02],\n",
      "       [ 1.00424215e-02, -2.37840856e-03,  6.42774743e-04,\n",
      "        -5.72177256e-03,  6.23450754e-03,  1.57265048e-02,\n",
      "         1.06940037e-02, -1.40365027e-03,  5.43691125e-03,\n",
      "         1.12416754e-02, -3.03825102e-04,  2.59284745e-03,\n",
      "         1.25523936e-02],\n",
      "       [ 4.67859674e-03, -2.49779550e-03,  2.61766184e-03,\n",
      "        -1.23771117e-03,  3.09445057e-03,  1.06940037e-02,\n",
      "         1.36710471e-02, -1.67034962e-03,  8.47575814e-03,\n",
      "         1.04670366e-02,  1.69760466e-03,  2.81436322e-03,\n",
      "         8.96982942e-03],\n",
      "       [-4.34038276e-03, -1.25524576e-03,  8.04392155e-03,\n",
      "         8.39792192e-03,  6.01511262e-03, -1.40365027e-03,\n",
      "        -1.67034962e-03,  2.19451804e-02, -8.98883771e-03,\n",
      "        -5.15463483e-03,  1.93492800e-03, -6.49458729e-03,\n",
      "        -1.02348421e-02],\n",
      "       [ 1.79769495e-03,  3.03725479e-04, -1.25536439e-03,\n",
      "        -4.80088824e-03, -3.43914144e-03,  5.43691125e-03,\n",
      "         8.47575814e-03, -8.98883771e-03,  2.11546514e-02,\n",
      "         5.17349690e-03,  1.01197441e-03,  3.86048574e-03,\n",
      "         3.84057034e-03],\n",
      "       [ 1.82077382e-02, -8.37376155e-03, -8.74063262e-05,\n",
      "        -1.01097720e-02,  6.91749901e-03,  1.12416754e-02,\n",
      "         1.04670366e-02, -5.15463483e-03,  5.17349690e-03,\n",
      "         1.82579625e-02,  6.82423543e-03, -6.76929369e-04,\n",
      "         2.54228991e-02],\n",
      "       [ 1.24369469e-02, -9.01536550e-03,  3.31770978e-03,\n",
      "        -6.16899598e-03,  3.61608947e-03, -3.03825102e-04,\n",
      "         1.69760466e-03,  1.93492800e-03,  1.01197441e-03,\n",
      "         6.82423543e-03,  1.38078332e-02, -5.07730152e-03,\n",
      "         1.87747087e-02],\n",
      "       [-3.76295787e-03,  6.96070958e-03,  2.24583477e-04,\n",
      "         2.43434985e-03, -6.08266448e-04,  2.59284745e-03,\n",
      "         2.81436322e-03, -6.49458729e-03,  3.86048574e-03,\n",
      "        -6.76929369e-04, -5.07730152e-03,  1.62364300e-02,\n",
      "        -5.33245597e-03],\n",
      "       [ 4.01385389e-02, -1.54489428e-02, -6.77542412e-05,\n",
      "        -2.22949702e-02,  1.03037516e-02,  1.25523936e-02,\n",
      "         8.96982942e-03, -1.02348421e-02,  3.84057034e-03,\n",
      "         2.54228991e-02,  1.87747087e-02, -5.33245597e-03,\n",
      "         5.99611811e-02]], dtype=float32), array([[ 0.02969238, -0.00716088,  0.00873461, -0.01600351, -0.00160709,\n",
      "         0.0277645 ,  0.0287398 , -0.01913548,  0.0031513 ,  0.0039211 ,\n",
      "         0.00529629,  0.03852544,  0.00784611],\n",
      "       [-0.00716088,  0.05979594,  0.01065787,  0.0176974 , -0.01882799,\n",
      "        -0.02268605, -0.03137666,  0.03495427, -0.02556266,  0.02069713,\n",
      "        -0.03088002, -0.0435233 , -0.0161291 ],\n",
      "       [ 0.00873461,  0.01065787,  0.01876335,  0.010274  , -0.01335769,\n",
      "         0.01035773,  0.00559129,  0.01037112, -0.00989085,  0.00290966,\n",
      "        -0.00337614,  0.00416375,  0.00094363],\n",
      "       [-0.01600351,  0.0176974 ,  0.010274  ,  0.04693942, -0.00289447,\n",
      "        -0.01246728, -0.02403253,  0.03057372, -0.00957026,  0.00472821,\n",
      "        -0.0067335 , -0.02935182, -0.00722527],\n",
      "       [-0.00160709, -0.01882799, -0.01335769, -0.00289447,  0.04319684,\n",
      "         0.00767093,  0.00700765, -0.02159265,  0.03229542, -0.00642185,\n",
      "         0.01504499,  0.01201264, -0.00127698],\n",
      "       [ 0.0277645 , -0.02268605,  0.01035773, -0.01246728,  0.00767093,\n",
      "         0.04589583,  0.04374394, -0.03244132,  0.01384359, -0.01048525,\n",
      "         0.02188207,  0.05754719,  0.01256973],\n",
      "       [ 0.0287398 , -0.03137666,  0.00559129, -0.02403253,  0.00700765,\n",
      "         0.04374394,  0.04834733, -0.04156854,  0.01594118, -0.01495946,\n",
      "         0.02493463,  0.06257141,  0.01500788],\n",
      "       [-0.01913548,  0.03495427,  0.01037112,  0.03057372, -0.02159265,\n",
      "        -0.03244132, -0.04156854,  0.06430703, -0.02191368,  0.01644292,\n",
      "        -0.02667695, -0.06149239, -0.0121479 ],\n",
      "       [ 0.0031513 , -0.02556266, -0.00989085, -0.00957026,  0.03229542,\n",
      "         0.01384359,  0.01594118, -0.02191368,  0.03225599, -0.01334963,\n",
      "         0.01880459,  0.02373352,  0.00200403],\n",
      "       [ 0.0039211 ,  0.02069713,  0.00290966,  0.00472821, -0.00642185,\n",
      "        -0.01048525, -0.01495946,  0.01644292, -0.01334963,  0.02802239,\n",
      "        -0.02365483, -0.02148795, -0.00201353],\n",
      "       [ 0.00529629, -0.03088002, -0.00337614, -0.0067335 ,  0.01504499,\n",
      "         0.02188207,  0.02493463, -0.02667695,  0.01880459, -0.02365483,\n",
      "         0.03082826,  0.03754254,  0.00558121],\n",
      "       [ 0.03852544, -0.0435233 ,  0.00416375, -0.02935182,  0.01201264,\n",
      "         0.05754719,  0.06257141, -0.06149239,  0.02373352, -0.02148795,\n",
      "         0.03754254,  0.09676974,  0.0179537 ],\n",
      "       [ 0.00784611, -0.0161291 ,  0.00094363, -0.00722527, -0.00127698,\n",
      "         0.01256973,  0.01500788, -0.0121479 ,  0.00200403, -0.00201353,\n",
      "         0.00558121,  0.0179537 ,  0.01205641]], dtype=float32)]\n",
      "prior is:\n",
      "[array(0.52549903), array(0.33617034), array(0.13833063)]\n"
     ]
    }
   ],
   "source": [
    "from scipy.special import logsumexp\n",
    "from scipy.stats import multivariate_normal\n",
    "def one_hot_encoding(data):\n",
    "    num_count = set()\n",
    "    for i in data:\n",
    "        num_count.add(i)\n",
    "    num_count = list(num_count)\n",
    "    data = np.copy(data)\n",
    "    zeros = np.zeros((data.shape[0],len(num_count)))\n",
    "    for i in range(data.shape[0]):\n",
    "        zeros[i,num_count.index(data[i])] = 1\n",
    "    return zeros\n",
    "y1 = one_hot_encoding(y)\n",
    "def assign_closest_points(centers, data_point):\n",
    "    dis,idx = np.inf,0\n",
    "    for i in range(len(centers)):\n",
    "        distance = np.linalg.norm(data_point-centers[i])\n",
    "        if distance<dis:\n",
    "            dis = distance\n",
    "            idx = i\n",
    "    return (data_point,idx)\n",
    "def cov(points):\n",
    "    sum = np.copy(points[0])\n",
    "    for i in range(1,len(points)):\n",
    "        sum += points[i]\n",
    "    mean = sum/len(points)\n",
    "    points = points - mean\n",
    "    sigma = (points[0].reshape(-1,1))@(points[0].reshape(-1,1).T)\n",
    "    for i in range(1,len(points)):\n",
    "        sigma += (points[i].reshape(-1,1))@(points[i].reshape(-1,1).T)\n",
    "    return sigma/len(points),mean\n",
    "eps = 0.01\n",
    "k = len(y1[0])\n",
    "cluster_a,clusters_b,cluster_c = X[centers[0]],X[centers[1]],X[centers[2]]\n",
    "k_centers_points = [np.mean(cluster_a),np.mean(cluster_a),np.mean(cluster_c)]\n",
    "assigned_points = dict()\n",
    "for i in range(len(centers)):\n",
    "    assigned_points[i] = X[centers[i]]\n",
    "sigma_vals = []\n",
    "for i in range(k):\n",
    "    sigmas, mean = cov(assigned_points[i])\n",
    "    k_centers_points[i] = np.copy(mean)\n",
    "    sigma_vals.append(sigmas)\n",
    "prob = [len(assigned_points[i])/X.shape[0] for i in range(k)]\n",
    "mu = np.copy(k_centers_points)\n",
    "w = np.zeros((k, X.shape[0]))\n",
    "t = 0\n",
    "while np.sum([np.linalg.norm(mu[i]-k_centers_points[i]) for i in range(mu.shape[0])]) > eps or t == 0:\n",
    "    k_centers_points = np.copy(mu)\n",
    "    log_w = np.zeros(w.shape)\n",
    "    for i in range(k):\n",
    "        f_val = multivariate_normal.logpdf(X, mean = mu[i], cov = sigma_vals[i]+(1e-5)*np.eye(13), allow_singular=True)\n",
    "        log_w[i,:] = np.log(2*eps)+f_val + np.log(prob[i])\n",
    "    for j in range(X.shape[0]):\n",
    "        w[:,j] = np.exp(log_w[:,j] - logsumexp(log_w[:,j]))\n",
    "    for i in range(k):\n",
    "        mu_numerator,denominator,sigma_numerator,P_numerator = 0,0,0,0\n",
    "        for j in range(X.shape[0]):\n",
    "            mu_numerator += w[i][j]*X[j,:] \n",
    "            denominator += w[i][j]\n",
    "        mu[i] = mu_numerator/denominator\n",
    "        centered = X - mu[i]\n",
    "        for j in range(X.shape[0]):\n",
    "            sigma_numerator += w[i][j]*(centered[j].reshape(-1,1)@centered[j].reshape(-1,1).T)\n",
    "        sigma_vals[i] = np.copy(sigma_numerator/denominator)\n",
    "        prob[i] = np.copy(denominator/X.shape[0])\n",
    "    t = t+1\n",
    "print(\"mean is:\")\n",
    "print(mu)\n",
    "print(\"covariance is:\")\n",
    "print(sigma_vals)\n",
    "print(\"prior is:\")\n",
    "print(prob)"
   ]
  },
  {
   "cell_type": "markdown",
   "id": "f6c0d639-2a8b-4a43-bbba-4badf2d7a268",
   "metadata": {},
   "source": []
  },
  {
   "cell_type": "markdown",
   "id": "30951748-a587-42ff-b8a8-e8a337f55f2b",
   "metadata": {},
   "source": [
    "#### Q4. Gradient vs. Mean-Shift: (Total 15 points) Given the 1st point (at index 0), $x_0$ in the dataset (use the minmax scaled data) answer the following questions:\n",
    "\n",
    "##### a) (CSCI4390: 15 points, CSCI6390: 10 points) Compute the density attractor for $x_0$ via mean-shift update, Use $h=0.5, \\epsilon=0.001$. How many iterations does it take to converge. Print the attractor and its density.\n",
    "\n",
    "##### b) (**CSCI6390 Only**: 5 points) Compute the density attractor for $x_0$ via gradient update, Use $h=0.5,  \\epsilon=0.001, \\eta=1$. How many iterations does it take to converge. Print the attractor and its density. Which of the two do you think is the better method, and why?"
   ]
  },
  {
   "cell_type": "code",
   "execution_count": 219,
   "id": "309d9d38",
   "metadata": {},
   "outputs": [],
   "source": [
    "import math\n",
    "def Gaussian_Kernel(x_t,x_i,h):\n",
    "    return (1/((2*math.pi)**(64/2)))*np.exp(-np.sum((x_i-x_t)*(x_i-x_t),axis = 1, keepdims=True)/(2*h**2))\n",
    "def findAttractor(x,D,h,eps):\n",
    "    x_prev = np.copy(x)\n",
    "    x_next = np.copy(x_prev)\n",
    "    t = 0\n",
    "    while t == 0 or np.linalg.norm(x_next-x_prev)>=eps:\n",
    "        x_prev = np.copy(x_next)\n",
    "        k_i = Gaussian_Kernel(x_next,D,h)\n",
    "        numerator = np.sum((k_i*D),axis = 0)\n",
    "        denominator= np.sum(k_i)\n",
    "        x_next = numerator/denominator\n",
    "        t+=1\n",
    "    return x_next,t\n",
    "def f_hat(x_star,n,h,d,D):\n",
    "    partial = np.sum(Gaussian_Kernel(x_star,D,h))*1/(n*h**d)\n",
    "    return partial"
   ]
  },
  {
   "cell_type": "code",
   "execution_count": 234,
   "id": "37239c9a",
   "metadata": {},
   "outputs": [
    {
     "name": "stdout",
     "output_type": "stream",
     "text": [
      "It takes 13 iterations to converge\n",
      "The attractor is:\n",
      "[0.50955516 0.2707342  0.5306448  0.44059268 0.31117222 0.47956368\n",
      " 0.39685932 0.39850792 0.38003975 0.27511978 0.4273385  0.5607301\n",
      " 0.343754  ]\n",
      "The density is:\n",
      "0.08969555517827972\n"
     ]
    }
   ],
   "source": [
    "x_star,t = findAttractor(X[0,:],X,0.5,0.001)\n",
    "density = f_hat(x_star,X.shape[0],0.5,13,X)\n",
    "print(f\"It takes {t} iterations to converge\")\n",
    "print(f\"The attractor is:\")\n",
    "print(x_star)\n",
    "print(f\"The density is:\")\n",
    "print(density)"
   ]
  },
  {
   "cell_type": "markdown",
   "id": "8ac80ca7-ca61-4a7d-976c-c8c93da63e92",
   "metadata": {},
   "source": []
  },
  {
   "cell_type": "markdown",
   "id": "2a829305-a571-4341-bac7-feda6b35000e",
   "metadata": {},
   "source": [
    "#### Q5. Spectral Clustering: (Total 15 points) We will apply spectral clustering with $k=3$ (use the minmax scaled data) using the asymmetric Laplacian matrix. Use the Gaussian kernel (with $spread=1$) as the adjacency matrix. Answer the following questions:\n",
    "\n",
    "##### a) (5 points) Compute the Asymmetric Lapacian Matrix $L^a$ and find its smallest three eigenvalues and eigenvectors. Print those three eigenvalues. Note that numpy eig function does not return values in any order.\n",
    "\n",
    "##### b) (5 points) Next, assume that the two eigenvectors, except for the one corresponding to the smallest eigenvalue, represent a new 2D dataset for the points. No need to normalize the rows. Plot the scatter for the new data.\n",
    "\n",
    "##### c) (5 points) Based on the plot devise a \"visually-guided\" but quantitative approach to find three clusters. Describe your reasoning and criteria for creating the clusters, and then find the set of points that belong to each cluster. That is, list the cluster size, and the list of points in each cluster."
   ]
  },
  {
   "cell_type": "code",
   "execution_count": 221,
   "id": "548e6301",
   "metadata": {},
   "outputs": [
    {
     "name": "stdout",
     "output_type": "stream",
     "text": [
      "The smallest 3 eigenValues are [-0.01854213  0.79061496  0.89417261]\n"
     ]
    }
   ],
   "source": [
    "#part a\n",
    "from scipy.spatial.distance import pdist, squareform\n",
    "norm = squareform(pdist(X, 'euclidean'))\n",
    "A = np.exp(-(norm ** 2)/(2*1))\n",
    "degree_matrix = np.sum(A, axis=0) * np.identity(X.shape[0])\n",
    "L = np.dot(np.linalg.inv(degree_matrix), degree_matrix - A)\n",
    "eigenvalues,eigenvectors = np.linalg.eigh(L)\n",
    "sorted_indices = np.argsort(eigenvalues)\n",
    "eigenvalues = eigenvalues[sorted_indices]\n",
    "eigenvectors = eigenvectors[:, sorted_indices]\n",
    "print(f\"The smallest 3 eigenValues are {eigenvalues[0:3]}\")"
   ]
  },
  {
   "cell_type": "code",
   "execution_count": 222,
   "id": "51237ae7",
   "metadata": {},
   "outputs": [
    {
     "data": {
      "text/plain": [
       "<matplotlib.collections.PathCollection at 0x15583457c08>"
      ]
     },
     "execution_count": 222,
     "metadata": {},
     "output_type": "execute_result"
    },
    {
     "data": {
