{
 "cells": [
  {
   "cell_type": "code",
   "execution_count": 1,
   "metadata": {},
   "outputs": [],
   "source": [
    "import numpy as np \n",
    "import pandas as pd\n",
    "import matplotlib.pyplot as plt\n",
    "from scipy.special import logsumexp\n",
    "import random\n",
    "from scipy.stats import multivariate_normal"
   ]
  },
  {
   "cell_type": "code",
   "execution_count": 2,
   "metadata": {},
   "outputs": [],
   "source": [
    "np.random.seed(42)"
   ]
  },
  {
   "cell_type": "code",
   "execution_count": 3,
   "metadata": {},
   "outputs": [
    {
     "name": "stderr",
     "output_type": "stream",
     "text": [
      "c:\\Users\\Micha\\anaconda3\\lib\\site-packages\\IPython\\core\\interactiveshell.py:3553: DtypeWarning: Columns (5,6) have mixed types.Specify dtype option on import or set low_memory=False.\n",
      "  exec(code_obj, self.user_global_ns, self.user_ns)\n"
     ]
    }
   ],
   "source": [
    "train = np.array(pd.read_csv('./codon_usage.csv'))\n",
    "# shuffle the dataset\n",
    "train = np.delete(train, (486,5063), axis=0)\n",
    "y = np.copy(train[:,0])\n",
    "X = np.delete(train,(0,1,2,3,4), axis=1)\n",
    "X = X.astype(np.float32)"
   ]
  },
  {
   "cell_type": "code",
   "execution_count": 4,
   "metadata": {},
   "outputs": [],
   "source": [
    "def one_hot_encoding(data):\n",
    "    num_count = set()\n",
    "    for i in data:\n",
    "        num_count.add(i)\n",
    "    num_count = list(num_count)\n",
    "    data = np.copy(data)\n",
    "    zeros = np.zeros((data.shape[0],len(num_count)))\n",
    "    for i in range(data.shape[0]):\n",
    "        zeros[i,num_count.index(data[i])] = 1\n",
    "    return zeros\n",
    "y = one_hot_encoding(y)"
   ]
  },
  {
   "cell_type": "code",
   "execution_count": 5,
   "metadata": {},
   "outputs": [],
   "source": [
    "def assign_closest_points(centers, data_point):\n",
    "    dis,idx = np.inf,0\n",
    "    for i in range(len(centers)):\n",
    "        distance = np.linalg.norm(data_point-centers[i])\n",
    "        if distance<dis:\n",
    "            dis = distance\n",
    "            idx = i\n",
    "    return (data_point,idx)\n",
    "def cov(points):\n",
    "    sum = np.copy(points[0])\n",
    "    for i in range(1,len(points)):\n",
    "        sum += points[i]\n",
    "    mean = sum/len(points)\n",
    "    points = points - mean\n",
    "    sigma = (points[0].reshape(-1,1))@(points[0].reshape(-1,1).T)\n",
    "    for i in range(1,len(points)):\n",
    "        sigma += (points[i].reshape(-1,1))@(points[i].reshape(-1,1).T)\n",
    "    return sigma/len(points),mean"
   ]
  },
  {
   "cell_type": "code",
   "execution_count": 6,
   "metadata": {},
   "outputs": [
    {
     "name": "stderr",
     "output_type": "stream",
     "text": [
      "c:\\Users\\Micha\\anaconda3\\lib\\site-packages\\ipykernel_launcher.py:50: DeprecationWarning: Converting `np.integer` or `np.signedinteger` to a dtype is deprecated. The current result is `np.dtype(np.int_)` which is not strictly correct. Note that the result depends on the system. To ensure stable results use may want to use `np.int64` or `np.int32`.\n"
     ]
    },
    {
     "name": "stdout",
     "output_type": "stream",
     "text": [
      "finished with 36 iterations! NMI is 0.35116187914114155\n",
      "finished with 30 iterations! NMI is 0.3584236115108929\n",
      "finished with 33 iterations! NMI is 0.43568224720570703\n",
      "finished with 26 iterations! NMI is 0.38483766583580353\n",
      "finished with 46 iterations! NMI is 0.3500553699572617\n",
      "finished with 27 iterations! NMI is 0.4312192999626904\n",
      "finished with 26 iterations! NMI is 0.403949733455893\n",
      "finished with 30 iterations! NMI is 0.3657396920854319\n",
      "finished with 30 iterations! NMI is 0.4116406880135222\n",
      "finished with 41 iterations! NMI is 0.358570050235324\n"
     ]
    }
   ],
   "source": [
    "mus = []\n",
    "sigmas_list = []\n",
    "labels = []\n",
    "for iter in range(1,11):\n",
    "    eps = 1e-3\n",
    "    k = len(y[0])\n",
    "    k_centers_index = np.random.randint(low = 0, high = X.shape[0], size = k)\n",
    "    k_centers_points = np.copy(X[k_centers_index,:])\n",
    "    points_idx = [assign_closest_points(k_centers_points,X[i]) for i in range(X.shape[0])]\n",
    "    assigned_points = dict()\n",
    "    for point,i in points_idx:\n",
    "        if i in assigned_points.keys():\n",
    "            assigned_points[i].append(point)\n",
    "        else:\n",
    "            assigned_points[i] = [point]\n",
    "    sigma_vals = []\n",
    "    for i in range(k):\n",
    "        sigmas, mean = cov(assigned_points[i])\n",
    "        k_centers_points[i] = np.copy(mean)\n",
    "        sigma_vals.append(sigmas)\n",
    "    prob = [len(assigned_points[i])/X.shape[0] for i in range(k)]\n",
    "    mu = np.copy(k_centers_points)\n",
    "    w = np.zeros((k, X.shape[0]))\n",
    "    t = 0\n",
    "    while np.sum([np.linalg.norm(mu[i]-k_centers_points[i]) for i in range(mu.shape[0])]) > eps or t == 0:\n",
    "        k_centers_points = np.copy(mu)\n",
    "        log_w = np.zeros(w.shape)\n",
    "        for i in range(k):\n",
    "            f_val = multivariate_normal.logpdf(X, mean = mu[i], cov = sigma_vals[i]+(1e-5)*np.eye(64), allow_singular=True)\n",
    "            log_w[i,:] = np.log(2*eps)+f_val + np.log(prob[i])\n",
    "        for j in range(X.shape[0]):\n",
    "            w[:,j] = np.exp(log_w[:,j] - logsumexp(log_w[:,j]))\n",
    "        for i in range(k):\n",
    "            mu_numerator,denominator,sigma_numerator,P_numerator = 0,0,0,0\n",
    "            for j in range(X.shape[0]):\n",
    "                mu_numerator += w[i][j]*X[j,:] \n",
    "                denominator += w[i][j]\n",
    "            mu[i] = mu_numerator/denominator\n",
    "            centered = X - mu[i]\n",
    "            for j in range(X.shape[0]):\n",
    "                sigma_numerator += w[i][j]*(centered[j].reshape(-1,1)@centered[j].reshape(-1,1).T)\n",
    "            sigma_vals[i] = np.copy(sigma_numerator/denominator)\n",
    "            prob[i] = np.copy(denominator/X.shape[0])\n",
    "        t = t+1\n",
    "    label = np.argmax(y,axis = 1)\n",
    "    pred  = np.argmax(w,axis = 0)\n",
    "    labels.append(np.copy(label))\n",
    "    mus.append(np.copy(mu))\n",
    "    sigmas_list.append(np.copy(sigma_vals))\n",
    "    contigency_table = np.zeros((k,k),dtype = np.integer)\n",
    "    for i in range(len(pred)):\n",
    "        contigency_table[label[i]][pred[i]] += 1\n",
    "    col_sum = np.sum(contigency_table,axis = 0)\n",
    "    row_sum = np.sum(contigency_table,axis = 1)\n",
    "    H_T = -np.sum(col_sum/np.sum(col_sum)*np.log(col_sum/np.sum(col_sum)))\n",
    "    H_C = -np.sum(row_sum/np.sum(row_sum)*np.log(row_sum/np.sum(row_sum)))\n",
    "    I_CT = 0\n",
    "    for i in range(k):\n",
    "        for j in range(k):\n",
    "            if (contigency_table[i][j] != 0):\n",
    "                I_CT += (contigency_table[i][j]/np.sum(row_sum))*np.log((contigency_table[i][j]*np.sum(row_sum))/((row_sum[i])*(col_sum[j])))\n",
    "    NMI = I_CT/(np.sqrt(H_C*H_T))\n",
    "    print(f'finished with {t} iterations! NMI is {NMI}')\n"
   ]
  },
  {
   "cell_type": "markdown",
   "metadata": {},
   "source": [
    "The Best NMI is 0.44 for the 3rd initialization value"
   ]
  },
  {
   "cell_type": "code",
   "execution_count": 24,
   "metadata": {},
   "outputs": [
    {
     "name": "stdout",
     "output_type": "stream",
     "text": [
      "The best mean for cluster 0 is:\n",
      "[0.02368443 0.02065003 0.01341875 0.019096   0.0139325  0.01180214\n",
      " 0.00597069 0.02213109 0.02686099 0.02436426 0.00919575 0.0266513\n",
      " 0.01989228 0.01681875 0.01248011 0.02122705 0.02258515 0.02467105\n",
      " 0.02078806 0.01787422 0.01090978 0.00916427 0.00977882 0.01257251\n",
      " 0.01351222 0.02244222 0.02525175 0.01457154 0.00936678 0.01040212\n",
      " 0.01188589 0.01004339 0.00816326 0.00888809 0.01332452 0.01310503\n",
      " 0.01984521 0.01398706 0.01256277 0.01835881 0.01848054 0.01738437\n",
      " 0.01837332 0.02223524 0.02526401 0.00620043 0.00777998 0.01051999\n",
      " 0.01021071 0.03435555 0.02475781 0.01232014 0.01339227 0.0045479\n",
      " 0.00526683 0.00631312 0.00427042 0.03041247 0.0234588  0.03617611\n",
      " 0.02294369 0.00187262 0.00048844 0.00074027]\n",
      "The best mean for cluster 1 is:\n",
      "[0.02590151 0.02133166 0.01477784 0.01780349 0.02199082 0.01666818\n",
      " 0.00894176 0.01128482 0.02749196 0.01678555 0.00925932 0.02187428\n",
      " 0.02949071 0.01548961 0.01121105 0.01274967 0.03509164 0.01782137\n",
      " 0.01607732 0.00728405 0.02057544 0.01065276 0.0155083  0.00625516\n",
      " 0.01277014 0.02947283 0.01527284 0.0119187  0.00459765 0.02437532\n",
      " 0.01328053 0.01549175 0.00590952 0.01150964 0.00810483 0.02716115\n",
      " 0.01640873 0.01708713 0.00683036 0.0213356  0.01678498 0.02370965\n",
      " 0.01642049 0.02865565 0.02220649 0.01181024 0.00803408 0.01216406\n",
      " 0.00976622 0.02597171 0.02498786 0.01302009 0.00927712 0.0043282\n",
      " 0.0029943  0.01049044 0.00500538 0.03135391 0.02211479 0.02546362\n",
      " 0.01918767 0.00128884 0.00037752 0.00073479]\n",
      "The best mean for cluster 2 is:\n",
      "[0.00935575 0.02580804 0.00320394 0.01060966 0.00861653 0.02470697\n",
      " 0.00301637 0.04539975 0.01106963 0.03195212 0.00320511 0.02274328\n",
      " 0.00954927 0.02851848 0.00536464 0.03059168 0.0120312  0.04767443\n",
      " 0.01272957 0.03674565 0.00594201 0.01637078 0.00546305 0.02475186\n",
      " 0.01491698 0.01465836 0.04411708 0.00902122 0.01380634 0.00468348\n",
      " 0.01378499 0.00448445 0.01545116 0.00464754 0.01595894 0.00544192\n",
      " 0.02810438 0.00555203 0.01721884 0.00850919 0.0180244  0.00832886\n",
      " 0.02744534 0.0089844  0.02244453 0.00271793 0.00859327 0.00760159\n",
      " 0.01549324 0.01169512 0.02605263 0.00996995 0.03010318 0.00480823\n",
      " 0.01576746 0.00255377 0.00402964 0.01896225 0.03883116 0.02222723\n",
      " 0.03658211 0.0008518  0.00049596 0.00165722]\n",
      "The best mean for cluster 3 is:\n",
      "[0.03887959 0.01207816 0.04673008 0.01411355 0.01641608 0.00456155\n",
      " 0.01100896 0.00533032 0.04677933 0.01353446 0.02748813 0.02177236\n",
      " 0.02564768 0.00635484 0.02050619 0.00851806 0.02429314 0.00735814\n",
      " 0.02207338 0.00678675 0.01354356 0.00318376 0.01461322 0.00393546\n",
      " 0.00953001 0.0240262  0.00836404 0.02104925 0.00650221 0.01885973\n",
      " 0.00474669 0.0190032  0.00422444 0.01505522 0.00688451 0.02131075\n",
      " 0.00730921 0.02234684 0.00612734 0.03037379 0.01040682 0.02677202\n",
      " 0.00795059 0.04370946 0.0160096  0.00752975 0.00288465 0.01325296\n",
      " 0.00513532 0.05449089 0.0164855  0.00950268 0.00359554 0.00517215\n",
      " 0.00167474 0.01551638 0.00338738 0.03825518 0.01233826 0.04495909\n",
      " 0.01342537 0.00228235 0.00058079 0.0034604 ]\n",
      "The best mean for cluster 4 is:\n",
      "[0.01259345 0.02935988 0.00301397 0.01013329 0.00948627 0.02528975\n",
      " 0.00392555 0.03371717 0.01122914 0.02761111 0.00554945 0.02552413\n",
      " 0.01013849 0.02314715 0.00496284 0.02879917 0.0187086  0.03279898\n",
      " 0.01212561 0.01399151 0.01331524 0.02163722 0.01197384 0.01170174\n",
      " 0.01342245 0.0165307  0.03007629 0.01858172 0.01413596 0.01035948\n",
      " 0.01821322 0.00699976 0.00986848 0.00769655 0.0190294  0.01203255\n",
      " 0.02643015 0.01025723 0.01202524 0.00931944 0.02537622 0.01192832\n",
      " 0.02944539 0.01249912 0.03297208 0.01012543 0.02178232 0.00800563\n",
      " 0.01693659 0.01520841 0.03050376 0.00581967 0.01230916 0.00403541\n",
      " 0.00692695 0.0078832  0.011412   0.01549333 0.03344086 0.01582888\n",
      " 0.03272156 0.00143002 0.00089736 0.00129995]\n",
      "The best mean for cluster 5 is:\n",
      "[0.01884998 0.01899746 0.00917591 0.01463245 0.01473861 0.0168951\n",
      " 0.01121805 0.01833872 0.0173712  0.01633183 0.00891788 0.01834504\n",
      " 0.0219233  0.0127299  0.0108639  0.01979351 0.01911247 0.01773474\n",
      " 0.01674232 0.01373189 0.01314536 0.00930547 0.02942525 0.01151179\n",
      " 0.01476043 0.02181258 0.02217365 0.02657105 0.02809425 0.01881996\n",
      " 0.0137835  0.01643965 0.00916016 0.01363175 0.01908291 0.01570773\n",
      " 0.01630437 0.01264345 0.00862974 0.01572406 0.02098022 0.06701522\n",
      " 0.03588502 0.0216336  0.02025464 0.01269569 0.01656528 0.00745946\n",
      " 0.00713728 0.0118749  0.01804952 0.00520766 0.00608254 0.00414192\n",
      " 0.00660803 0.00636727 0.00604116 0.02101239 0.01432371 0.01438036\n",
      " 0.01794267 0.00082507 0.0009937  0.00335186]\n",
      "The best mean for cluster 6 is:\n",
      "[0.02484014 0.03583927 0.02817353 0.00446572 0.02842678 0.03521107\n",
      " 0.06561356 0.01047712 0.03974894 0.04374731 0.03565655 0.01102526\n",
      " 0.01080897 0.01193088 0.01934139 0.00454296 0.01499273 0.03326594\n",
      " 0.02623182 0.00228282 0.01190139 0.0206137  0.02598801 0.00211555\n",
      " 0.00336842 0.00775476 0.01754009 0.02311259 0.00796269 0.01134713\n",
      " 0.01961616 0.02454484 0.0018703  0.00287697 0.00911139 0.01599118\n",
      " 0.03190027 0.03641622 0.00264901 0.01200001 0.01782133 0.02155968\n",
      " 0.0029914  0.01248456 0.02680643 0.00212926 0.00474161 0.00715336\n",
      " 0.01782122 0.02206801 0.00282446 0.00207066 0.00373095 0.0106493\n",
      " 0.00132884 0.00068838 0.00018127 0.00566753 0.01222639 0.01687123\n",
      " 0.00362901 0.00247596 0.00055086 0.02622373]\n",
      "The best mean for cluster 7 is:\n",
      "[0.01489743 0.02406554 0.01131725 0.01562856 0.01631043 0.01877138\n",
      " 0.00771597 0.0155448  0.01991007 0.02175458 0.01474579 0.0238219\n",
      " 0.01997917 0.01896556 0.01226501 0.01670689 0.02251438 0.02378495\n",
      " 0.02110078 0.00951093 0.01151149 0.00981585 0.01609772 0.0067703\n",
      " 0.00970834 0.01919795 0.01556921 0.02161752 0.00792175 0.01234075\n",
      " 0.01046631 0.01382438 0.00550599 0.00882743 0.01183579 0.01622222\n",
      " 0.01794587 0.01755104 0.00733099 0.01326274 0.01864696 0.01605772\n",
      " 0.01510657 0.01874958 0.02513678 0.01044545 0.01282784 0.00958344\n",
      " 0.00937606 0.03341506 0.04253736 0.00780573 0.00628248 0.00405229\n",
      " 0.00339057 0.01601974 0.01300507 0.02918562 0.02571613 0.04040251\n",
      " 0.032155   0.00445665 0.00176103 0.00125043]\n",
      "The best mean for cluster 8 is:\n",
      "[0.01682782 0.02458553 0.0065915  0.016337   0.01638075 0.0193731\n",
      " 0.00695113 0.02413899 0.01905947 0.02438255 0.00859417 0.02497796\n",
      " 0.01770428 0.01878839 0.00787559 0.02243925 0.02350832 0.0241447\n",
      " 0.01703645 0.0101917  0.01494244 0.01373427 0.01442922 0.0083339\n",
      " 0.01382326 0.01840564 0.0206218  0.02002335 0.01135735 0.01484565\n",
      " 0.01554354 0.01139453 0.00807253 0.010154   0.01515535 0.01523018\n",
      " 0.01934929 0.01398989 0.00843077 0.01273515 0.01957562 0.01518227\n",
      " 0.02320076 0.01779556 0.02587933 0.00877963 0.01177634 0.01099561\n",
      " 0.01339866 0.02243127 0.03464028 0.00777357 0.009386   0.00598481\n",
      " 0.00562485 0.01100124 0.01014736 0.02608286 0.02709938 0.02607761\n",
      " 0.03405088 0.00110422 0.00058701 0.00096368]\n",
      "The best mean for cluster 9 is:\n",
      "[0.02324177 0.01833853 0.0162249  0.01778858 0.015156   0.01186064\n",
      " 0.01128216 0.01366895 0.02235251 0.01640382 0.01772663 0.02442841\n",
      " 0.02028994 0.01321542 0.01349029 0.01870895 0.01969872 0.01437892\n",
      " 0.02025628 0.00826409 0.01567891 0.01114807 0.01882078 0.00696368\n",
      " 0.01465961 0.0169884  0.01158951 0.01927158 0.01302943 0.01584526\n",
      " 0.0116266  0.01679951 0.00708149 0.01348435 0.01084284 0.01830183\n",
      " 0.01415906 0.02164151 0.00876893 0.02047383 0.01521446 0.022059\n",
      " 0.01796965 0.02743626 0.02063357 0.01179682 0.00909699 0.01436996\n",
      " 0.01135772 0.03108142 0.02793751 0.00770593 0.00581689 0.00642632\n",
      " 0.0049054  0.01789507 0.01361781 0.03090074 0.02080225 0.03108451\n",
      " 0.02524748 0.00128432 0.00060756 0.00079901]\n",
      "The best mean for cluster 10 is:\n",
      "[0.05440504 0.02035972 0.04272487 0.02591627 0.02426178 0.00578812\n",
      " 0.01576228 0.00718873 0.04295454 0.01486432 0.02484206 0.02052014\n",
      " 0.02284121 0.0065814  0.02017341 0.00999763 0.02314234 0.00743256\n",
      " 0.01262784 0.00500897 0.01476953 0.00639126 0.01129017 0.00440209\n",
      " 0.01482598 0.02119794 0.00503237 0.0189541  0.01164589 0.02962118\n",
      " 0.01118683 0.01822822 0.00695397 0.01530303 0.00378877 0.01972327\n",
      " 0.00714012 0.01033377 0.00418559 0.03728803 0.00966475 0.02256253\n",
      " 0.00716559 0.03360695 0.01067248 0.01060191 0.00300991 0.022299\n",
      " 0.00651647 0.03797235 0.01358593 0.01280336 0.00379038 0.01261072\n",
      " 0.00440445 0.01583172 0.00557986 0.02789111 0.00793623 0.03384301\n",
      " 0.01217228 0.0014771  0.00060701 0.00373234]\n"
     ]
    }
   ],
   "source": [
    "best_mean = mus[2]\n",
    "best_cov = sigmas_list[2]\n",
    "best_cluster_dist = labels[2]\n",
    "for i in range(k):\n",
    "    print(f'The best mean for cluster {i} is:')\n",
    "    print(best_mean[i])"
   ]
  },
  {
   "cell_type": "code",
   "execution_count": 25,
   "metadata": {},
   "outputs": [
    {
     "name": "stdout",
     "output_type": "stream",
     "text": [
      "The best covariance for cluster 0 is:\n",
      "[[ 1.06943349e-04 -5.32915647e-06  4.30145410e-05 ...  4.71258630e-07\n",
      "   8.93837694e-07  1.19990068e-06]\n",
      " [-5.32915647e-06  1.41693527e-04 -5.21654765e-05 ... -6.76368529e-07\n",
      "   1.18927153e-06 -5.12856161e-07]\n",
      " [ 4.30145410e-05 -5.21654765e-05  1.09537985e-04 ...  3.63676321e-07\n",
      "   9.07564939e-08  9.40598511e-07]\n",
      " ...\n",
      " [ 4.71258630e-07 -6.76368529e-07  3.63676321e-07 ...  1.19190145e-06\n",
      "  -4.65793519e-08 -1.07725441e-07]\n",
      " [ 8.93837694e-07  1.18927153e-06  9.07564939e-08 ... -4.65793519e-08\n",
      "   3.68952215e-07 -4.56298181e-08]\n",
      " [ 1.19990068e-06 -5.12856161e-07  9.40598511e-07 ... -1.07725441e-07\n",
      "  -4.56298181e-08  1.06634332e-06]]\n",
      "The best covariance for cluster 1 is:\n",
      "[[ 1.6396269e-04 -7.0384405e-05  5.3639746e-05 ... -2.8298236e-06\n",
      "  -1.5219244e-06 -2.5582985e-06]\n",
      " [-7.0384405e-05  8.6239481e-05 -3.6793175e-05 ...  1.2957079e-06\n",
      "   6.8616754e-07 -6.1490283e-07]\n",
      " [ 5.3639746e-05 -3.6793175e-05  5.8685520e-05 ...  3.9908267e-07\n",
      "  -2.4216340e-07 -5.9299680e-07]\n",
      " ...\n",
      " [-2.8298236e-06  1.2957079e-06  3.9908267e-07 ...  1.9765573e-06\n",
      "   5.7565202e-08  2.4242306e-07]\n",
      " [-1.5219244e-06  6.8616754e-07 -2.4216340e-07 ...  5.7565202e-08\n",
      "   5.4854178e-07 -4.1328111e-08]\n",
      " [-2.5582985e-06 -6.1490283e-07 -5.9299680e-07 ...  2.4242306e-07\n",
      "  -4.1328111e-08  8.9874760e-07]]\n",
      "The best covariance for cluster 2 is:\n",
      "[[ 5.8008220e-05 -3.4934255e-05  2.8047913e-05 ...  3.1814543e-06\n",
      "   3.0651523e-07 -1.8189105e-06]\n",
      " [-3.4934255e-05  5.7953450e-05 -2.1390029e-05 ... -1.6997712e-06\n",
      "  -2.2770176e-07  5.2814819e-09]\n",
      " [ 2.8047913e-05 -2.1390029e-05  2.2574568e-05 ...  1.9274287e-06\n",
      "   1.0669100e-07 -8.4877644e-07]\n",
      " ...\n",
      " [ 3.1814543e-06 -1.6997712e-06  1.9274287e-06 ...  6.0192343e-07\n",
      "   3.3120737e-09 -2.1660954e-07]\n",
      " [ 3.0651523e-07 -2.2770176e-07  1.0669100e-07 ...  3.3120737e-09\n",
      "   1.8951300e-07 -4.3516120e-08]\n",
      " [-1.8189105e-06  5.2814819e-09 -8.4877644e-07 ... -2.1660954e-07\n",
      "  -4.3516120e-08  9.2127755e-07]]\n",
      "The best covariance for cluster 3 is:\n",
      "[[ 3.68519395e-04 -1.36357448e-05  4.01503319e-04 ...  7.43232567e-06\n",
      "  -5.51707899e-07  1.00076715e-04]\n",
      " [-1.36357448e-05  3.27391172e-05 -7.24633628e-06 ...  3.06509349e-07\n",
      "   5.97433072e-08  3.45711851e-06]\n",
      " [ 4.01503319e-04 -7.24633628e-06  7.66110199e-04 ...  1.16648898e-05\n",
      "  -9.66260018e-07  1.39507101e-04]\n",
      " ...\n",
      " [ 7.43232567e-06  3.06509349e-07  1.16648898e-05 ...  1.48757556e-06\n",
      "   3.09525880e-08  3.02945432e-06]\n",
      " [-5.51707899e-07  5.97433072e-08 -9.66260018e-07 ...  3.09525880e-08\n",
      "   3.94491991e-07 -3.71047442e-08]\n",
      " [ 1.00076715e-04  3.45711851e-06  1.39507101e-04 ...  3.02945432e-06\n",
      "  -3.71047442e-08  5.27728589e-05]]\n",
      "The best covariance for cluster 4 is:\n",
      "[[ 5.7519726e-05 -2.5746507e-05  4.9390337e-06 ...  3.3514568e-06\n",
      "  -2.2085985e-06  8.6728147e-07]\n",
      " [-2.5746507e-05  2.1464465e-04 -1.8937890e-05 ... -4.5327133e-06\n",
      "  -2.6880141e-06  9.7486623e-07]\n",
      " [ 4.9390337e-06 -1.8937890e-05  1.4569450e-05 ...  6.5320165e-07\n",
      "   1.1345387e-06 -1.0966367e-07]\n",
      " ...\n",
      " [ 3.3514568e-06 -4.5327133e-06  6.5320165e-07 ...  3.0182084e-06\n",
      "  -5.7092944e-07 -6.9292633e-07]\n",
      " [-2.2085985e-06 -2.6880141e-06  1.1345387e-06 ... -5.7092944e-07\n",
      "   2.2067343e-06  2.4656257e-08]\n",
      " [ 8.6728147e-07  9.7486623e-07 -1.0966367e-07 ... -6.9292633e-07\n",
      "   2.4656257e-08  2.1895385e-06]]\n",
      "The best covariance for cluster 5 is:\n",
      "[[ 1.61402684e-04 -1.29202035e-05  9.76254159e-05 ... -2.11344081e-06\n",
      "   1.03976517e-05  4.11790024e-05]\n",
      " [-1.29202035e-05  7.79750844e-05 -1.40067623e-05 ...  4.60882302e-06\n",
      "  -1.55532382e-06 -5.68533596e-06]\n",
      " [ 9.76254159e-05 -1.40067623e-05  8.98749640e-05 ... -1.98496946e-06\n",
      "   8.29737473e-06  3.11637741e-05]\n",
      " ...\n",
      " [-2.11344081e-06  4.60882302e-06 -1.98496946e-06 ...  2.05684501e-06\n",
      "  -1.65973645e-07 -1.28082706e-06]\n",
      " [ 1.03976517e-05 -1.55532382e-06  8.29737473e-06 ... -1.65973645e-07\n",
      "   2.26178781e-06  6.06273761e-06]\n",
      " [ 4.11790024e-05 -5.68533596e-06  3.11637741e-05 ... -1.28082706e-06\n",
      "   6.06273761e-06  3.18193888e-05]]\n",
      "The best covariance for cluster 6 is:\n",
      "[[ 1.36753311e-04 -8.31470388e-05  1.06749460e-04 ...  7.42054681e-07\n",
      "   3.34148325e-07 -2.28806766e-06]\n",
      " [-8.31470388e-05  1.82603224e-04 -1.01095335e-04 ... -5.17743410e-06\n",
      "  -2.03118498e-06  4.53908933e-06]\n",
      " [ 1.06749460e-04 -1.01095335e-04  2.24230025e-04 ...  7.45050500e-07\n",
      "   2.96781366e-07 -4.16658111e-07]\n",
      " ...\n",
      " [ 7.42054681e-07 -5.17743410e-06  7.45050500e-07 ...  4.04727825e-06\n",
      "  -5.49903973e-07  2.61223227e-06]\n",
      " [ 3.34148325e-07 -2.03118498e-06  2.96781366e-07 ... -5.49903973e-07\n",
      "   9.07961976e-07  4.52887633e-07]\n",
      " [-2.28806766e-06  4.53908933e-06 -4.16658111e-07 ...  2.61223227e-06\n",
      "   4.52887633e-07  3.43611900e-05]]\n",
      "The best covariance for cluster 7 is:\n",
      "[[ 6.9070818e-05 -7.1112713e-06  3.0877363e-05 ...  1.6737677e-05\n",
      "   5.3880253e-06  3.2557818e-06]\n",
      " [-7.1112713e-06  1.4284512e-04 -2.8713386e-05 ... -5.1262255e-06\n",
      "  -2.8245706e-06 -8.7308547e-07]\n",
      " [ 3.0877363e-05 -2.8713386e-05  8.3902101e-05 ...  2.9566951e-05\n",
      "   6.8588083e-06  2.0760617e-06]\n",
      " ...\n",
      " [ 1.6737677e-05 -5.1262255e-06  2.9566951e-05 ...  5.0039456e-05\n",
      "   1.0878481e-05  2.2382114e-06]\n",
      " [ 5.3880253e-06 -2.8245706e-06  6.8588083e-06 ...  1.0878481e-05\n",
      "   7.1440254e-06  6.2661474e-07]\n",
      " [ 3.2557818e-06 -8.7308547e-07  2.0760617e-06 ...  2.2382114e-06\n",
      "   6.2661474e-07  6.9055504e-06]]\n",
      "The best covariance for cluster 8 is:\n",
      "[[ 3.66241220e-05 -9.91526940e-06  1.34955199e-05 ... -2.38825578e-07\n",
      "  -1.12152144e-07  3.82738534e-07]\n",
      " [-9.91526940e-06  5.05000644e-05 -1.03380098e-05 ...  2.31112978e-07\n",
      "   2.01297663e-08 -1.74631325e-07]\n",
      " [ 1.34955199e-05 -1.03380098e-05  1.79848575e-05 ...  6.87433115e-08\n",
      "  -1.46525906e-07  3.96347879e-08]\n",
      " ...\n",
      " [-2.38825578e-07  2.31112978e-07  6.87433115e-08 ...  6.89209458e-07\n",
      "  -1.67670269e-08 -5.80092596e-08]\n",
      " [-1.12152144e-07  2.01297663e-08 -1.46525906e-07 ... -1.67670269e-08\n",
      "   3.27273995e-07  3.54393098e-10]\n",
      " [ 3.82738534e-07 -1.74631325e-07  3.96347879e-08 ... -5.80092596e-08\n",
      "   3.54393098e-10  6.56410577e-07]]\n",
      "The best covariance for cluster 9 is:\n",
      "[[ 5.45919174e-05 -1.88286504e-05  2.55025425e-05 ... -1.17878347e-08\n",
      "  -6.10407085e-07 -5.43112890e-07]\n",
      " [-1.88286504e-05  4.00359786e-05 -2.22786330e-05 ...  1.09140910e-06\n",
      "   6.64716708e-07  9.54026291e-07]\n",
      " [ 2.55025425e-05 -2.22786330e-05  6.38083875e-05 ...  1.16035892e-06\n",
      "   3.03421395e-08 -3.26309475e-07]\n",
      " ...\n",
      " [-1.17878347e-08  1.09140910e-06  1.16035892e-06 ...  1.61716321e-06\n",
      "   2.32553802e-07  3.88936911e-07]\n",
      " [-6.10407085e-07  6.64716708e-07  3.03421395e-08 ...  2.32553802e-07\n",
      "   5.55866848e-07  1.09574266e-07]\n",
      " [-5.43112890e-07  9.54026291e-07 -3.26309475e-07 ...  3.88936911e-07\n",
      "   1.09574266e-07  8.70266376e-07]]\n",
      "The best covariance for cluster 10 is:\n",
      "[[ 6.3246436e-04 -8.1082326e-05  2.6989589e-04 ...  3.9753404e-06\n",
      "   2.3810783e-06  6.7635694e-05]\n",
      " [-8.1082326e-05  5.9250233e-05 -5.5067994e-05 ... -2.2435418e-06\n",
      "  -1.2336207e-06 -1.2907649e-05]\n",
      " [ 2.6989589e-04 -5.5067994e-05  3.2634669e-04 ...  8.4263665e-06\n",
      "   1.7252804e-06  7.3149095e-05]\n",
      " ...\n",
      " [ 3.9753404e-06 -2.2435418e-06  8.4263665e-06 ...  1.6956708e-06\n",
      "   1.7242174e-07  2.9888602e-06]\n",
      " [ 2.3810783e-06 -1.2336207e-06  1.7252804e-06 ...  1.7242174e-07\n",
      "   1.5758378e-06  1.2660804e-06]\n",
      " [ 6.7635694e-05 -1.2907649e-05  7.3149095e-05 ...  2.9888602e-06\n",
      "   1.2660804e-06  3.6143316e-05]]\n"
     ]
    }
   ],
   "source": [
    "for i in range(k):\n",
    "    print(f'The best covariance for cluster {i} is:')\n",
    "    print(best_cov[i])"
   ]
  },
  {
   "cell_type": "code",
   "execution_count": 26,
   "metadata": {},
   "outputs": [
    {
     "name": "stdout",
     "output_type": "stream",
     "text": [
      "The best cluster distribution is:\n",
      "cluster 0: 2919\n",
      "cluster 1: 1345\n",
      "cluster 2: 215\n",
      "cluster 3: 2831\n",
      "cluster 4: 18\n",
      "cluster 5: 2523\n",
      "cluster 6: 220\n",
      "cluster 7: 180\n",
      "cluster 8: 126\n",
      "cluster 9: 2077\n",
      "cluster 10: 572\n"
     ]
    }
   ],
   "source": [
    "print('The best cluster distribution is:')\n",
    "for i in range(k):\n",
    "    print(f'cluster {i}: {np.sum(best_cluster_dist == i)}')"
   ]
  }
 ],
 "metadata": {
  "kernelspec": {
   "display_name": "Python 3.7.6 ('base')",
   "language": "python",
   "name": "python3"
  },
  "language_info": {
   "codemirror_mode": {
    "name": "ipython",
    "version": 3
   },
   "file_extension": ".py",
   "mimetype": "text/x-python",
   "name": "python",
   "nbconvert_exporter": "python",
   "pygments_lexer": "ipython3",
   "version": "3.7.6"
  },
  "orig_nbformat": 4,
  "vscode": {
   "interpreter": {
    "hash": "1583098d49b8b63b24ba78fec75676b625853923384d7c0eb5f87db36da8a08e"
   }
  }
 },
 "nbformat": 4,
 "nbformat_minor": 2
}
